1
3
13
0.976158 0.102618 -0.021011 0.020367 -0.076936 -0.027126 -0.059451 0.017593 -0.038790 0.067427 -0.001621 -0.013117 -0.061395 
0.261810 1.099325 0.099603 -0.032727 0.022851 -0.015652 0.025033 -0.061798 0.054177 -0.022308 -0.022559 -0.012068 0.031559 
-0.078813 0.092206 1.140972 0.078988 0.068100 0.153413 0.036836 0.006763 -0.102538 0.015272 -0.018291 0.009535 0.071227 
-0.027836 -0.099983 0.046122 1.086515 0.044376 -0.058576 -0.003582 -0.112459 -0.051879 0.009798 0.105862 0.019496 -0.014147 
-0.115992 0.077133 -0.006185 -0.131400 1.027724 0.104073 -0.157650 0.060849 0.011050 0.026030 -0.058560 -0.015124 -0.068037 
-0.074208 0.034075 0.122424 -0.095768 -0.119318 1.012809 0.104900 -0.053412 -0.031475 0.075197 -0.035692 -0.135449 0.124976 
0.019339 0.030146 -0.033601 0.020013 -0.064042 -0.083236 0.908823 0.098387 0.081764 -0.031889 -0.010537 -0.017317 -0.077943 
0.170747 -0.063606 -0.081780 -0.121459 0.011284 -0.094899 -0.033127 0.927597 0.199880 -0.008622 -0.000052 -0.080885 -0.158709 
-0.036516 0.185954 0.007565 -0.059424 -0.034754 0.041408 -0.050161 0.059125 0.983022 0.287761 -0.007645 -0.101039 -0.090285 
-0.078982 -0.016902 -0.016412 0.043930 -0.087108 0.075601 0.023873 -0.004970 0.001423 0.934832 0.084721 0.003428 -0.023497 
-0.137912 -0.093055 0.006425 0.050101 -0.072736 -0.059653 -0.110691 0.002156 -0.040408 -0.020011 0.850065 0.218945 -0.043222 
-0.023086 0.039448 0.076757 0.007572 -0.003692 -0.038980 -0.022981 -0.051967 0.012310 -0.020822 -0.000829 0.852530 0.157615 
0.028727 0.078328 0.112358 -0.010396 0.015361 0.035312 -0.000966 -0.085031 -0.092372 0.008067 0.046396 0.023795 0.958416 
1.228754 0.836948 -0.237867 -0.064660 -0.061999 -0.393006 0.049119 -0.828667 -0.563353 -0.911362 0.454206 0.465934 0.176946 
1.0 1.0 1.0 1.0 1.0 1.0 1.0 1.0 1.0 1.0 1.0 1.0 1.0 
13
0.924269 0.066220 -0.015161 0.028661 -0.027219 0.025313 -0.028598 0.034781 -0.032158 0.046056 -0.030716 0.033145 -0.029033 
0.236149 0.996282 0.196132 -0.037679 0.102091 -0.064565 0.065939 -0.087548 0.079812 -0.062780 0.056188 -0.032845 0.054000 
-0.111767 0.080146 1.125154 0.076676 -0.016391 0.085442 0.007075 0.006930 -0.025415 0.059462 -0.056702 0.051019 0.011008 
-0.041933 -0.065650 0.041161 1.007938 0.018244 -0.045159 0.075169 -0.070287 0.031267 -0.018673 0.035701 0.040050 0.011555 
-0.070870 0.084623 -0.024764 -0.133438 1.055704 0.024707 -0.050394 0.013604 0.058907 0.012040 -0.065213 0.096207 -0.132525 
-0.048454 -0.009505 0.057484 -0.039408 -0.068922 1.067867 0.013574 -0.010384 -0.035414 0.055152 -0.014579 -0.062191 0.105742 
0.088816 0.068442 0.005279 0.078624 -0.013006 -0.100451 1.067394 0.018999 0.038261 -0.036011 0.017664 0.058837 -0.088768 
0.176083 -0.029474 -0.082663 -0.054181 -0.033684 -0.021915 -0.088912 1.021279 0.107690 -0.037526 -0.034478 0.130897 -0.134069 
-0.031471 0.190675 -0.033311 0.026067 -0.047954 0.032212 -0.007005 -0.026690 1.019051 0.150587 0.038879 -0.042188 -0.010347 
0.017836 -0.008157 0.040477 0.065424 -0.035709 0.088787 -0.009396 -0.056311 0.016517 1.012692 0.066158 0.003282 -0.047091 
-0.053100 -0.092440 -0.002035 0.059107 -0.032627 -0.040940 -0.043175 0.034912 0.001462 -0.009740 1.009436 0.140904 -0.096574 
-0.065096 0.038293 0.069836 0.042706 0.005347 -0.035729 0.012451 -0.013154 0.047814 -0.062723 0.044335 0.889196 0.142436 
-0.033779 0.059894 0.057359 0.031397 -0.018401 0.013264 0.032213 -0.024556 -0.081028 0.026371 -0.006933 -0.049074 1.009088 
0.052390 0.503596 0.022584 -0.068060 -0.001547 -0.038991 -0.198102 -0.121709 -0.178808 -0.016966 -0.070650 0.051628 0.039507 
1.0 1.0 1.0 1.0 1.0 1.0 1.0 1.0 1.0 1.0 1.0 1.0 1.0 
13
0.871953 0.046350 0.004979 0.022833 -0.022039 0.009542 -0.018405 0.018642 -0.014276 0.019920 -0.014898 0.020365 -0.018492 
0.127885 1.002695 0.086790 -0.008585 0.039581 -0.039520 0.030221 -0.034085 0.037575 -0.031217 0.025356 -0.020214 0.034228 
-0.038585 0.109149 1.113473 0.053964 -0.039638 0.035696 -0.017979 0.008704 -0.024907 0.054894 -0.035779 0.040289 -0.001952 
-0.071508 -0.049765 0.027982 1.023183 -0.010548 -0.029249 0.053540 -0.066112 0.040322 -0.011852 0.009760 0.037894 -0.003443 
-0.021366 0.087170 -0.007442 -0.089601 1.076017 0.021905 -0.022688 0.029779 0.001095 0.028117 -0.046808 0.041722 -0.040957 
-0.021347 -0.010435 0.024044 -0.019058 -0.044213 1.089682 -0.019068 -0.010331 0.001338 0.028816 -0.015608 0.001840 0.009335 
0.030010 0.094800 -0.013355 0.102159 -0.027359 -0.030029 1.098808 -0.011701 0.011738 0.010539 -0.039648 0.062042 -0.044693 
0.169246 -0.028655 -0.099878 -0.061689 -0.021692 0.000325 -0.081711 1.094637 0.014727 -0.038030 0.035378 0.012286 -0.008020 
-0.074537 0.187704 -0.035764 0.025137 -0.053716 0.031868 0.004680 -0.032477 1.074077 0.059984 0.027898 0.004176 -0.021156 
0.022921 0.003996 0.055131 0.057592 -0.030292 0.056779 -0.009343 -0.048353 0.014741 1.059067 0.029409 -0.021895 0.000094 
-0.044722 -0.051624 0.029834 0.057453 -0.030934 -0.031587 -0.044511 0.054449 -0.005122 0.000832 1.062378 0.076295 -0.057829 
-0.045254 0.066082 0.041236 0.073070 -0.006582 -0.030782 0.010687 -0.008679 0.045157 -0.029038 0.008693 0.999621 0.063059 
-0.051645 0.061542 0.071976 0.042294 -0.024106 0.003521 -0.001454 -0.024652 -0.044038 0.052383 -0.038357 -0.004061 1.049738 
-0.052459 0.102855 -0.023318 0.080916 0.044099 -0.134644 -0.218220 -0.106849 -0.080432 0.135361 -0.030433 -0.095843 -0.069931 
1.0 1.0 1.0 1.0 1.0 1.0 1.0 1.0 1.0 1.0 1.0 1.0 1.0 
